Date,Open,High,Low,Close,Volume,Name
2016-01-04,54.32,54.8,53.39,54.8,52843210,MSFT
2016-01-05,54.93,55.39,54.54,55.05,34079674,MSFT
2016-01-06,54.32,54.4,53.64,54.05,39518863,MSFT
2016-01-07,52.7,53.48,52.07,52.17,56564852,MSFT
2016-01-08,52.37,53.28,52.15,52.33,48753969,MSFT
2016-01-11,52.51,52.85,51.46,52.3,36943756,MSFT
2016-01-12,52.76,53.1,52.06,52.78,36095539,MSFT
2016-01-13,53.8,54.07,51.3,51.64,66119018,MSFT
2016-01-14,52.0,53.42,51.57,53.11,51429807,MSFT
2016-01-15,51.31,51.97,50.34,50.99,70739137,MSFT
2016-01-19,51.48,51.68,50.06,50.56,43128276,MSFT
2016-01-20,49.98,51.38,49.1,50.79,63162940,MSFT
2016-01-21,51.0,51.58,50.3,50.48,40169367,MSFT
2016-01-22,51.41,52.33,51.26,52.29,36878402,MSFT
2016-01-25,51.94,52.65,51.65,51.79,34497323,MSFT
2016-01-26,51.79,52.44,51.55,52.17,28699484,MSFT
2016-01-27,52.01,52.2,51.02,51.22,36266102,MSFT
2016-01-28,51.86,52.21,51.25,52.06,58489190,MSFT
2016-01-29,54.73,55.09,54.0,55.09,83137039,MSFT
2016-02-01,54.88,55.09,54.5,54.71,43587105,MSFT
2016-02-02,54.17,54.26,52.65,53.0,54453559,MSFT
2016-02-03,53.25,53.39,51.26,52.16,57347519,MSFT
2016-02-04,52.1,52.81,51.37,52.0,46803371,MSFT
2016-02-05,51.94,52.0,49.56,50.16,60651115,MSFT
2016-02-08,49.55,49.57,48.19,49.41,57006105,MSFT
2016-02-09,49.02,50.24,48.67,49.28,45822192,MSFT
2016-02-10,49.89,50.39,49.52,49.71,37899918,MSFT
2016-02-11,48.68,50.11,48.51,49.69,48448154,MSFT
2016-02-12,50.25,50.68,49.75,50.5,33292336,MSFT
2016-02-16,50.9,51.09,50.13,51.09,35937137,MSFT
2016-02-17,51.49,52.77,51.45,52.42,39670289,MSFT
2016-02-18,52.33,52.95,52.1,52.19,26244683,MSFT
2016-02-19,51.97,52.28,51.53,51.82,33275399,MSFT
2016-02-22,52.28,53.0,52.28,52.65,24854437,MSFT
2016-02-23,52.34,52.37,50.98,51.18,28390773,MSFT
2016-02-24,50.69,51.5,50.2,51.36,32076012,MSFT
2016-02-25,51.73,52.1,50.61,52.1,26695920,MSFT
2016-02-26,52.6,52.68,51.1,51.3,35869193,MSFT
2016-02-29,51.35,51.65,50.66,50.88,31247142,MSFT
2016-03-01,50.97,52.59,50.92,52.58,32778474,MSFT
2016-03-02,52.41,52.96,52.16,52.95,29049172,MSFT
2016-03-03,52.97,52.97,51.78,52.35,24418148,MSFT
2016-03-04,52.4,52.45,51.71,52.03,32280449,MSFT
2016-03-07,51.56,51.8,50.58,51.03,38407847,MSFT
2016-03-08,50.8,52.13,50.6,51.65,33352218,MSFT
2016-03-09,51.89,52.85,51.86,52.84,28145151,MSFT
2016-03-10,52.93,52.94,51.16,52.05,38384242,MSFT
2016-03-11,53.0,53.07,52.38,53.07,32174336,MSFT
2016-03-14,52.71,53.59,52.63,53.17,23751138,MSFT
2016-03-15,52.75,53.59,52.74,53.59,21104763,MSFT
2016-03-16,53.45,54.6,53.4,54.35,31297892,MSFT
2016-03-17,54.21,55.0,54.0,54.66,28186465,MSFT
2016-03-18,54.92,54.97,53.44,53.49,67422879,MSFT
2016-03-21,53.25,53.93,52.93,53.86,23807263,MSFT
2016-03-22,53.61,54.25,53.46,54.07,22911577,MSFT
2016-03-23,54.11,54.24,53.74,53.97,19905295,MSFT
2016-03-24,53.84,54.33,53.73,54.21,18842667,MSFT
2016-03-28,54.21,54.29,53.33,53.54,16988240,MSFT
2016-03-29,53.66,54.86,53.45,54.71,23375017,MSFT
2016-03-30,54.93,55.64,54.9,55.05,22920330,MSFT
2016-03-31,54.95,55.59,54.86,55.23,26173764,MSFT
2016-04-01,55.05,55.61,54.57,55.57,24298612,MSFT
2016-04-04,55.43,55.66,55.0,55.43,18832210,MSFT
2016-04-05,55.19,55.3,54.46,54.56,19148783,MSFT
2016-04-06,54.36,55.2,54.21,55.12,21032057,MSFT
2016-04-07,54.87,54.91,54.23,54.46,18584125,MSFT
2016-04-08,54.67,55.28,54.32,54.42,22157037,MSFT
2016-04-11,54.49,55.15,54.3,54.31,21332336,MSFT
2016-04-12,54.37,54.78,53.76,54.65,24574169,MSFT
2016-04-13,55.12,55.44,54.89,55.35,20601278,MSFT
2016-04-14,55.22,55.58,55.07,55.36,20875102,MSFT
2016-04-15,55.3,55.92,55.11,55.65,28377584,MSFT
2016-04-18,55.49,56.59,55.21,56.46,23150318,MSFT
2016-04-19,56.63,56.77,55.68,56.39,29533701,MSFT
2016-04-20,56.29,56.5,55.48,55.59,36014074,MSFT
2016-04-21,55.8,56.23,55.42,55.78,36826521,MSFT
2016-04-22,51.91,52.43,50.77,51.78,125600219,MSFT
2016-04-25,51.78,52.13,51.63,52.11,33106540,MSFT
2016-04-26,52.26,52.35,51.09,51.44,33262278,MSFT
2016-04-27,51.48,51.5,50.55,50.94,43145896,MSFT
2016-04-28,50.62,50.77,49.56,49.9,42758226,MSFT
2016-04-29,49.35,50.25,49.35,49.87,48339735,MSFT
2016-05-02,50.0,50.75,49.78,50.61,33004106,MSFT
2016-05-03,50.34,50.41,49.6,49.78,26196074,MSFT
2016-05-04,49.84,50.06,49.46,49.87,24171449,MSFT
2016-05-05,49.87,50.3,49.73,49.94,25309543,MSFT
2016-05-06,49.92,50.39,49.66,50.39,24715575,MSFT
2016-05-09,50.49,50.58,50.0,50.07,17844648,MSFT
2016-05-10,50.33,51.1,50.19,51.02,22741527,MSFT
2016-05-11,51.13,51.78,51.0,51.05,23910684,MSFT
2016-05-12,51.2,51.81,50.92,51.51,24099431,MSFT
2016-05-13,51.44,51.9,51.04,51.08,22436700,MSFT
2016-05-16,50.8,51.96,50.75,51.83,19944632,MSFT
2016-05-17,51.72,51.73,50.36,50.51,27766669,MSFT
2016-05-18,50.48,51.14,50.3,50.81,24803172,MSFT
2016-05-19,50.47,50.62,49.82,50.32,23722753,MSFT
2016-05-20,50.48,51.22,50.4,50.62,23692434,MSFT
2016-05-23,50.6,50.68,49.98,50.03,25999674,MSFT
2016-05-24,50.7,51.71,50.4,51.59,34621638,MSFT
2016-05-25,51.92,52.49,51.79,52.12,24040186,MSFT
2016-05-26,51.93,51.98,51.36,51.89,24182929,MSFT
2016-05-27,51.92,52.32,51.77,52.32,17653660,MSFT
2016-05-31,52.26,53.0,52.08,53.0,37653081,MSFT
2016-06-01,52.44,52.95,52.44,52.85,25324828,MSFT
2016-06-02,52.64,52.74,51.84,52.48,22840779,MSFT
2016-06-03,52.38,52.42,51.6,51.79,23368291,MSFT
2016-06-06,51.99,52.35,51.89,52.13,18243271,MSFT
2016-06-07,52.24,52.73,52.1,52.1,20866770,MSFT
2016-06-08,52.02,52.44,51.87,52.04,21149438,MSFT
2016-06-09,52.0,52.0,51.49,51.62,20305664,MSFT
2016-06-10,51.05,52.05,51.04,51.48,25833151,MSFT
2016-06-13,49.58,50.72,49.06,50.14,83217844,MSFT
2016-06-14,49.9,50.1,49.57,49.83,42577106,MSFT
2016-06-15,49.78,50.12,49.69,49.69,33757639,MSFT
2016-06-16,49.52,50.47,49.51,50.39,31188605,MSFT
2016-06-17,50.41,50.43,49.82,50.13,45710516,MSFT
2016-06-20,50.64,50.83,50.03,50.07,35607946,MSFT
2016-06-21,50.2,51.43,50.16,51.19,34097825,MSFT
2016-06-22,51.08,51.46,50.95,50.99,28816848,MSFT
2016-06-23,51.28,52.06,51.15,51.91,29028833,MSFT
2016-06-24,49.81,50.94,49.52,49.83,133502985,MSFT
2016-06-27,49.1,49.15,48.04,48.43,50576699,MSFT
2016-06-28,48.92,49.47,48.67,49.44,38140658,MSFT
2016-06-29,49.91,50.72,49.8,50.54,31304021,MSFT
2016-06-30,50.72,51.3,50.5,51.17,28527781,MSFT
2016-07-01,51.13,51.72,51.07,51.16,21400392,MSFT
2016-07-05,50.83,51.28,50.74,51.17,24806351,MSFT
2016-07-06,50.78,51.54,50.39,51.38,28167461,MSFT
2016-07-07,51.42,51.61,51.07,51.38,19585194,MSFT
2016-07-08,51.73,52.36,51.55,52.3,28391026,MSFT
2016-07-11,52.5,52.83,52.47,52.59,22269203,MSFT
2016-07-12,52.94,53.4,52.78,53.21,27317555,MSFT
2016-07-13,53.56,53.86,53.18,53.51,25356841,MSFT
2016-07-14,53.84,53.99,53.58,53.74,24545520,MSFT
2016-07-15,53.95,54.0,53.21,53.7,32024385,MSFT
2016-07-18,53.7,54.34,53.55,53.96,31433864,MSFT
2016-07-19,53.71,53.9,52.93,53.09,53336533,MSFT
2016-07-20,56.15,56.84,55.53,55.91,89893301,MSFT
2016-07-21,55.98,56.23,55.76,55.8,32776653,MSFT
2016-07-22,56.08,56.63,55.78,56.57,32157167,MSFT
2016-07-25,56.47,56.74,56.26,56.73,25610587,MSFT
2016-07-26,56.52,57.29,56.51,56.76,28078995,MSFT
2016-07-27,56.61,56.8,56.11,56.19,32327477,MSFT
2016-07-28,56.0,56.37,55.72,56.21,37550411,MSFT
2016-07-29,56.26,56.76,56.05,56.68,30558718,MSFT
2016-08-01,56.6,56.75,56.14,56.58,26003419,MSFT
2016-08-02,56.85,56.9,56.31,56.58,35121958,MSFT
2016-08-03,56.68,57.11,56.49,56.97,22075616,MSFT
2016-08-04,56.8,57.52,56.67,57.39,26587749,MSFT
2016-08-05,57.65,58.21,57.45,57.96,29335221,MSFT
2016-08-08,58.06,58.08,57.78,58.06,19473499,MSFT
2016-08-09,58.17,58.5,58.02,58.2,16920721,MSFT
2016-08-10,58.16,58.32,57.82,58.02,15756913,MSFT
2016-08-11,58.03,58.45,58.03,58.3,18162301,MSFT
2016-08-12,58.03,58.19,57.62,57.94,21655161,MSFT
2016-08-15,58.01,58.5,57.96,58.12,19283902,MSFT
2016-08-16,57.61,57.62,57.27,57.44,20523493,MSFT
2016-08-17,57.54,57.68,57.23,57.56,18856423,MSFT
2016-08-18,57.42,57.7,57.27,57.6,14214341,MSFT
2016-08-19,57.43,57.73,57.2,57.62,17271044,MSFT
2016-08-22,57.6,57.75,57.26,57.67,15221922,MSFT
2016-08-23,57.9,58.18,57.85,57.89,18732373,MSFT
2016-08-24,57.8,58.04,57.72,57.95,18151506,MSFT
2016-08-25,57.88,58.29,57.78,58.17,18552579,MSFT
2016-08-26,58.28,58.7,57.69,58.03,20971202,MSFT
2016-08-29,58.18,58.6,58.1,58.1,16417207,MSFT
2016-08-30,57.98,58.19,57.61,57.89,16930185,MSFT
2016-08-31,57.65,57.8,57.3,57.46,20860269,MSFT
2016-09-01,57.01,57.82,57.01,57.59,26075363,MSFT
2016-09-02,57.67,58.19,57.42,57.67,18900489,MSFT
2016-09-06,57.78,57.8,57.21,57.61,16278416,MSFT
2016-09-07,57.47,57.84,57.4,57.66,17493359,MSFT
2016-09-08,57.63,57.79,57.18,57.43,20146083,MSFT
2016-09-09,56.79,57.52,56.21,56.21,35113934,MSFT
2016-09-12,56.0,57.2,55.61,57.05,29302962,MSFT
2016-09-13,56.5,56.65,56.05,56.53,30130213,MSFT
2016-09-14,56.39,56.63,56.03,56.26,24274273,MSFT
2016-09-15,56.15,57.35,55.98,57.19,27062614,MSFT
2016-09-16,57.63,57.63,56.75,57.25,44606965,MSFT
2016-09-19,57.27,57.75,56.85,56.93,20937104,MSFT
2016-09-20,57.35,57.35,56.75,56.81,17383982,MSFT
2016-09-21,57.51,57.85,57.08,57.76,33707272,MSFT
2016-09-22,57.92,58.0,57.63,57.82,19822203,MSFT
2016-09-23,57.87,57.91,57.38,57.43,19955336,MSFT
2016-09-26,57.08,57.14,56.83,56.9,21688720,MSFT
2016-09-27,56.93,58.06,56.68,57.95,28065071,MSFT
2016-09-28,57.88,58.06,57.67,58.03,20536400,MSFT
2016-09-29,57.81,58.17,57.21,57.4,25463536,MSFT
2016-09-30,57.57,57.77,57.34,57.6,29910788,MSFT
2016-10-03,57.4,57.55,57.06,57.42,19189515,MSFT
2016-10-04,57.27,57.6,56.97,57.24,20085874,MSFT
2016-10-05,57.29,57.96,57.26,57.64,16726411,MSFT
2016-10-06,57.74,57.86,57.28,57.74,16212611,MSFT
2016-10-07,57.85,57.98,57.42,57.8,20089020,MSFT
2016-10-10,57.91,58.39,57.87,58.04,18196509,MSFT
2016-10-11,57.89,58.02,56.89,57.19,26497418,MSFT
2016-10-12,57.11,57.27,56.4,57.11,22177464,MSFT
2016-10-13,56.7,57.3,56.32,56.92,25313748,MSFT
2016-10-14,57.12,57.74,57.12,57.42,27402451,MSFT
2016-10-17,57.36,57.46,56.87,57.22,23830014,MSFT
2016-10-18,57.53,57.94,57.41,57.66,19149538,MSFT
2016-10-19,57.47,57.84,57.4,57.53,22878397,MSFT
2016-10-20,57.5,57.52,56.66,57.25,49455612,MSFT
2016-10-21,60.28,60.45,59.48,59.66,80032206,MSFT
2016-10-24,59.94,61.0,59.93,61.0,54066978,MSFT
2016-10-25,60.85,61.37,60.8,60.99,35137164,MSFT
2016-10-26,60.81,61.2,60.47,60.63,29911608,MSFT
2016-10-27,60.61,60.83,60.09,60.1,28479856,MSFT
2016-10-28,60.01,60.52,59.58,59.87,33574684,MSFT
2016-10-31,60.16,60.42,59.92,59.92,26434697,MSFT
2016-11-01,59.97,60.02,59.25,59.8,24532986,MSFT
2016-11-02,59.82,59.93,59.3,59.43,22147005,MSFT
2016-11-03,59.53,59.64,59.11,59.21,21600427,MSFT
2016-11-04,58.65,59.28,58.52,58.71,28697016,MSFT
2016-11-07,59.78,60.52,59.78,60.42,31664798,MSFT
2016-11-08,60.55,60.78,60.15,60.47,22935355,MSFT
2016-11-09,60.0,60.59,59.2,60.17,49632479,MSFT
2016-11-10,60.48,60.49,57.63,58.7,57822394,MSFT
2016-11-11,58.23,59.12,58.01,59.02,38767843,MSFT
2016-11-14,59.02,59.08,57.28,58.12,41328422,MSFT
2016-11-15,58.33,59.49,58.32,58.87,35904126,MSFT
2016-11-16,58.94,59.66,58.81,59.65,27332475,MSFT
2016-11-17,60.41,60.95,59.96,60.64,31463728,MSFT
2016-11-18,60.78,61.14,60.3,60.35,27686311,MSFT
2016-11-21,60.5,60.97,60.42,60.86,19652595,MSFT
2016-11-22,60.98,61.26,60.8,61.12,23206700,MSFT
2016-11-23,61.01,61.1,60.25,60.4,21848913,MSFT
2016-11-25,60.3,60.53,60.13,60.53,8409616,MSFT
2016-11-28,60.34,61.02,60.21,60.61,20732619,MSFT
2016-11-29,60.65,61.41,60.52,61.09,22366721,MSFT
2016-11-30,60.86,61.18,60.22,60.26,34655435,MSFT
2016-12-01,60.11,60.15,58.94,59.2,34542121,MSFT
2016-12-02,59.08,59.47,58.8,59.25,25515665,MSFT
2016-12-05,59.7,60.58,59.56,60.22,23552658,MSFT
2016-12-06,60.43,60.46,59.8,59.95,19907035,MSFT
2016-12-07,60.01,61.38,59.8,61.37,30808969,MSFT
2016-12-08,61.3,61.58,60.84,61.01,21220753,MSFT
2016-12-09,61.18,61.99,61.12,61.97,27349356,MSFT
2016-12-12,61.82,62.3,61.72,62.17,20198081,MSFT
2016-12-13,62.5,63.42,62.24,62.98,35718868,MSFT
2016-12-14,63.0,63.45,62.53,62.68,30352654,MSFT
2016-12-15,62.7,63.15,62.3,62.58,27669868,MSFT
2016-12-16,62.95,62.95,62.12,62.3,42453083,MSFT
2016-12-19,62.56,63.77,62.42,63.62,34338219,MSFT
2016-12-20,63.69,63.8,63.02,63.54,26028379,MSFT
2016-12-21,63.43,63.7,63.12,63.54,17096304,MSFT
2016-12-22,63.84,64.1,63.4,63.55,22176585,MSFT
2016-12-23,63.45,63.54,62.8,63.24,12403819,MSFT
2016-12-27,63.21,64.07,63.21,63.28,11763173,MSFT
2016-12-28,63.4,63.4,62.83,62.99,14653348,MSFT
2016-12-29,62.86,63.2,62.73,62.9,10250582,MSFT
2016-12-30,62.96,62.99,62.03,62.14,25579908,MSFT
2017-01-03,62.79,62.84,62.12,62.58,20694101,MSFT
2017-01-04,62.48,62.75,62.12,62.3,21339969,MSFT
2017-01-05,62.19,62.66,62.03,62.3,24875968,MSFT
2017-01-06,62.3,63.15,62.04,62.84,19922919,MSFT
2017-01-09,62.76,63.08,62.54,62.64,20382730,MSFT
2017-01-10,62.73,63.07,62.28,62.62,18593004,MSFT
2017-01-11,62.61,63.23,62.43,63.19,21517335,MSFT
2017-01-12,63.06,63.4,61.95,62.61,20968223,MSFT
2017-01-13,62.62,62.86,62.35,62.7,19422310,MSFT
2017-01-17,62.68,62.7,62.03,62.53,20663983,MSFT
2017-01-18,62.67,62.7,62.12,62.5,19670102,MSFT
2017-01-19,62.24,62.98,62.2,62.3,18451655,MSFT
2017-01-20,62.67,62.82,62.37,62.74,30213462,MSFT
2017-01-23,62.7,63.12,62.57,62.96,23097581,MSFT
2017-01-24,63.2,63.74,62.94,63.52,24672940,MSFT
2017-01-25,63.95,64.1,63.45,63.68,24654933,MSFT
2017-01-26,64.12,64.54,63.55,64.27,43554645,MSFT
2017-01-27,65.39,65.91,64.89,65.78,44817972,MSFT
2017-01-30,65.69,65.79,64.8,65.13,31651445,MSFT
2017-01-31,64.86,65.15,64.26,64.65,25270549,MSFT
2017-02-01,64.36,64.62,63.47,63.58,39671528,MSFT
2017-02-02,63.25,63.41,62.75,63.17,45827013,MSFT
2017-02-03,63.5,63.7,63.07,63.68,30301759,MSFT
2017-02-06,63.5,63.65,63.14,63.64,19796360,MSFT
2017-02-07,63.74,63.78,63.23,63.43,20277226,MSFT
2017-02-08,63.57,63.81,63.22,63.34,18096358,MSFT
2017-02-09,63.52,64.44,63.32,64.06,22644443,MSFT
2017-02-10,64.25,64.3,63.98,64.0,18170729,MSFT
2017-02-13,64.24,64.86,64.13,64.72,22920101,MSFT
2017-02-14,64.41,64.72,64.02,64.57,23108426,MSFT
2017-02-15,64.5,64.57,64.16,64.53,17005157,MSFT
2017-02-16,64.74,65.24,64.44,64.52,20546345,MSFT
2017-02-17,64.47,64.69,64.3,64.62,21248818,MSFT
2017-02-21,64.61,64.95,64.45,64.49,20655869,MSFT
2017-02-22,64.33,64.39,64.05,64.36,19292651,MSFT
2017-02-23,64.42,64.73,64.2,64.62,20273128,MSFT
2017-02-24,64.53,64.8,64.14,64.62,21796800,MSFT
2017-02-27,64.54,64.54,64.04,64.23,15871507,MSFT
2017-02-28,64.08,64.2,63.76,63.98,23239825,MSFT
2017-03-01,64.13,64.99,64.02,64.94,26937459,MSFT
2017-03-02,64.69,64.75,63.88,64.01,24539597,MSFT
2017-03-03,63.99,64.28,63.62,64.25,18139405,MSFT
2017-03-06,63.97,64.56,63.81,64.27,18750255,MSFT
2017-03-07,64.19,64.78,64.19,64.4,18520987,MSFT
2017-03-08,64.26,65.08,64.25,64.99,21510907,MSFT
2017-03-09,65.19,65.2,64.48,64.73,19846832,MSFT
2017-03-10,65.11,65.26,64.75,64.93,19538245,MSFT
2017-03-13,65.01,65.2,64.57,64.71,20100035,MSFT
2017-03-14,64.53,64.55,64.15,64.41,14280202,MSFT
2017-03-15,64.55,64.92,64.25,64.75,24833810,MSFT
2017-03-16,64.75,64.76,64.3,64.64,20674296,MSFT
2017-03-17,64.91,65.24,64.68,64.87,49219686,MSFT
2017-03-20,64.91,65.18,64.72,64.93,14598083,MSFT
2017-03-21,65.19,65.5,64.13,64.21,26640480,MSFT
2017-03-22,64.12,65.14,64.12,65.03,20680015,MSFT
2017-03-23,64.94,65.24,64.76,64.87,19269203,MSFT
2017-03-24,65.36,65.45,64.76,64.98,22617105,MSFT
2017-03-27,64.63,65.22,64.35,65.1,18614662,MSFT
2017-03-28,64.96,65.47,64.65,65.29,20080358,MSFT
2017-03-29,65.12,65.5,64.95,65.47,13618424,MSFT
2017-03-30,65.42,65.98,65.36,65.71,15122823,MSFT
2017-03-31,65.65,66.19,65.45,65.86,21040331,MSFT
2017-04-03,65.81,65.94,65.19,65.55,20400871,MSFT
2017-04-04,65.39,65.81,65.28,65.73,12997449,MSFT
2017-04-05,66.3,66.35,65.44,65.56,21448594,MSFT
2017-04-06,65.6,66.06,65.48,65.73,18103453,MSFT
2017-04-07,65.85,65.96,65.44,65.68,14108533,MSFT
2017-04-10,65.61,65.82,65.36,65.53,17952742,MSFT
2017-04-11,65.6,65.61,64.85,65.48,18791533,MSFT
2017-04-12,65.42,65.51,65.11,65.23,17108513,MSFT
2017-04-13,65.29,65.86,64.95,64.95,17896483,MSFT
2017-04-17,65.04,65.49,65.01,65.48,16689265,MSFT
2017-04-18,65.33,65.71,65.16,65.39,15155611,MSFT
2017-04-19,65.65,65.75,64.89,65.04,26992771,MSFT
2017-04-20,65.46,65.75,65.14,65.5,22299477,MSFT
2017-04-21,65.67,66.7,65.45,66.4,32522645,MSFT
2017-04-24,67.48,67.66,67.1,67.53,29769976,MSFT
2017-04-25,67.9,68.04,67.6,67.92,30242730,MSFT
2017-04-26,68.08,68.31,67.62,67.83,26190770,MSFT
2017-04-27,68.15,68.38,67.58,68.27,34970953,MSFT
2017-04-28,68.91,69.14,67.69,68.46,39548818,MSFT
2017-05-01,68.68,69.55,68.5,69.41,31954362,MSFT
2017-05-02,69.71,69.71,69.13,69.3,23906119,MSFT
2017-05-03,69.38,69.38,68.71,69.08,28927973,MSFT
2017-05-04,69.03,69.08,68.64,68.81,21749409,MSFT
2017-05-05,68.9,69.03,68.48,69.0,19128782,MSFT
2017-05-08,68.97,69.05,68.42,68.94,18566087,MSFT
2017-05-09,68.86,69.28,68.68,69.04,22858414,MSFT
2017-05-10,68.99,69.56,68.92,69.31,17977830,MSFT
2017-05-11,68.36,68.73,68.12,68.46,28789413,MSFT
2017-05-12,68.61,68.61,68.04,68.38,18714123,MSFT
2017-05-15,68.14,68.48,67.57,68.43,31530301,MSFT
2017-05-16,68.23,69.44,68.16,69.41,34956038,MSFT
2017-05-17,68.89,69.1,67.43,67.48,30548781,MSFT
2017-05-18,67.4,68.13,67.14,67.71,25201274,MSFT
2017-05-19,67.5,68.1,67.43,67.69,26961119,MSFT
2017-05-22,67.89,68.5,67.5,68.45,16237550,MSFT
2017-05-23,68.72,68.75,68.38,68.68,15425824,MSFT
2017-05-24,68.87,68.88,68.45,68.77,14666865,MSFT
2017-05-25,68.97,69.88,68.91,69.62,21854095,MSFT
2017-05-26,69.8,70.22,69.52,69.96,19827923,MSFT
2017-05-30,69.79,70.41,69.77,70.41,17072838,MSFT
2017-05-31,70.53,70.74,69.81,69.84,30436364,MSFT
2017-06-01,70.24,70.61,69.45,70.1,21603601,MSFT
2017-06-02,70.44,71.86,70.24,71.76,34770261,MSFT
2017-06-05,71.97,72.89,71.81,72.28,33316760,MSFT
2017-06-06,72.3,72.62,72.27,72.52,31511065,MSFT
2017-06-07,72.64,72.77,71.95,72.39,22301765,MSFT
2017-06-08,72.51,72.52,71.5,71.95,24588270,MSFT
2017-06-09,72.04,72.08,68.59,70.32,49187396,MSFT
2017-06-12,69.25,69.94,68.13,69.78,47761743,MSFT
2017-06-13,70.02,70.82,69.96,70.65,25258614,MSFT
2017-06-14,70.91,71.1,69.43,70.27,25510685,MSFT
2017-06-15,69.27,70.21,68.8,69.9,26068709,MSFT
2017-06-16,69.73,70.03,69.22,70.0,48345085,MSFT
2017-06-19,70.5,70.94,70.35,70.87,23798268,MSFT
2017-06-20,70.82,70.87,69.87,69.91,21512231,MSFT
2017-06-21,70.21,70.62,69.94,70.27,19891051,MSFT
2017-06-22,70.54,70.59,69.71,70.26,22965738,MSFT
2017-06-23,70.09,71.25,69.92,71.21,27617291,MSFT
2017-06-26,71.4,71.71,70.44,70.53,19606974,MSFT
2017-06-27,70.11,70.18,69.18,69.21,25215128,MSFT
2017-06-28,69.21,69.84,68.79,69.8,25806200,MSFT
2017-06-29,69.38,69.49,68.09,68.49,28918715,MSFT
2017-06-30,68.78,69.38,68.74,68.93,24161068,MSFT
2017-07-03,69.33,69.6,68.02,68.17,16165538,MSFT
2017-07-05,68.26,69.44,68.22,69.08,21176272,MSFT
2017-07-06,68.27,68.78,68.12,68.57,21117572,MSFT
2017-07-07,68.7,69.84,68.7,69.46,16878317,MSFT
2017-07-10,69.46,70.25,69.2,69.98,15014503,MSFT
2017-07-11,70.11,70.68,69.75,69.99,17460022,MSFT
2017-07-12,70.69,71.28,70.55,71.15,17750925,MSFT
2017-07-13,71.5,72.04,71.31,71.77,20269816,MSFT
2017-07-14,72.24,73.27,71.96,72.78,25868086,MSFT
2017-07-17,72.8,73.45,72.72,73.35,21803907,MSFT
2017-07-18,73.09,73.39,72.66,73.3,26435296,MSFT
2017-07-19,73.5,74.04,73.45,73.86,22416222,MSFT
2017-07-20,74.18,74.3,73.28,74.22,42361025,MSFT
2017-07-21,73.45,74.29,73.17,73.79,46717082,MSFT
2017-07-24,73.53,73.75,73.13,73.6,21394826,MSFT
2017-07-25,73.8,74.31,73.5,74.19,22018681,MSFT
2017-07-26,74.34,74.38,73.81,74.05,16252233,MSFT
2017-07-27,73.76,74.42,72.32,73.16,36844220,MSFT
2017-07-28,72.67,73.31,72.54,73.04,18306680,MSFT
2017-07-31,73.3,73.44,72.41,72.7,23600054,MSFT
2017-08-01,73.1,73.42,72.49,72.58,20823890,MSFT
2017-08-02,72.55,72.56,71.44,72.26,26499158,MSFT
2017-08-03,72.19,72.44,71.84,72.15,18214424,MSFT
2017-08-04,72.4,73.04,72.24,72.68,22578952,MSFT
2017-08-07,72.8,72.9,72.26,72.4,18705681,MSFT
2017-08-08,72.09,73.13,71.75,72.79,22044587,MSFT
2017-08-09,72.25,72.51,72.05,72.47,22213410,MSFT
2017-08-10,71.9,72.19,71.35,71.41,24734461,MSFT
2017-08-11,71.61,72.7,71.28,72.5,21443675,MSFT
2017-08-14,73.06,73.72,72.95,73.59,20096592,MSFT
2017-08-15,73.59,73.59,73.04,73.22,19181402,MSFT
2017-08-16,73.34,74.1,73.17,73.65,18150402,MSFT
2017-08-17,73.58,73.87,72.4,72.4,22977519,MSFT
2017-08-18,72.27,72.84,71.93,72.49,18761491,MSFT
2017-08-21,72.47,72.48,71.7,72.15,17734767,MSFT
2017-08-22,72.35,73.24,72.35,73.16,14343674,MSFT
2017-08-23,72.96,73.15,72.53,72.72,13766507,MSFT
2017-08-24,72.74,72.86,72.07,72.69,17098282,MSFT
2017-08-25,72.86,73.35,72.48,72.82,12794301,MSFT
2017-08-28,73.06,73.09,72.55,72.83,14569715,MSFT
2017-08-29,72.25,73.16,72.05,73.05,11478382,MSFT
2017-08-30,73.01,74.21,72.83,74.01,16897801,MSFT
2017-08-31,74.03,74.96,73.8,74.77,27652811,MSFT
2017-09-01,74.71,74.74,73.64,73.94,21736161,MSFT
2017-09-05,73.34,73.89,72.98,73.61,22242384,MSFT
2017-09-06,73.74,74.04,73.35,73.4,16535785,MSFT
2017-09-07,73.68,74.6,73.6,74.34,17471200,MSFT
2017-09-08,74.33,74.44,73.84,73.98,14703816,MSFT
2017-09-11,74.31,74.94,74.31,74.76,17910383,MSFT
2017-09-12,74.76,75.24,74.37,74.68,14394850,MSFT
2017-09-13,74.93,75.23,74.55,75.21,13380802,MSFT
2017-09-14,75.0,75.49,74.52,74.77,15733914,MSFT
2017-09-15,74.83,75.39,74.07,75.31,38578441,MSFT
2017-09-18,75.23,75.97,75.04,75.16,23306959,MSFT
2017-09-19,75.21,75.71,75.01,75.44,16093344,MSFT
2017-09-20,75.35,75.55,74.31,74.94,21587878,MSFT
2017-09-21,75.11,75.24,74.11,74.21,19186140,MSFT
2017-09-22,73.99,74.51,73.85,74.41,14111365,MSFT
2017-09-25,74.09,74.25,72.92,73.26,24149163,MSFT
2017-09-26,73.67,73.81,72.99,73.26,18019577,MSFT
2017-09-27,73.55,74.17,73.17,73.85,19375099,MSFT
2017-09-28,73.54,73.97,73.31,73.87,10883787,MSFT
2017-09-29,73.94,74.54,73.88,74.49,17079114,MSFT
2017-10-02,74.71,75.01,74.3,74.61,15304762,MSFT
2017-10-03,74.67,74.88,74.2,74.26,12190403,MSFT
2017-10-04,74.09,74.72,73.71,74.69,13317681,MSFT
2017-10-05,75.22,76.12,74.96,75.97,21195261,MSFT
2017-10-06,75.67,76.03,75.54,76.0,13959814,MSFT
2017-10-09,75.97,76.55,75.86,76.29,11386502,MSFT
2017-10-10,76.33,76.63,76.14,76.29,13944545,MSFT
2017-10-11,76.36,76.46,75.95,76.42,15388898,MSFT
2017-10-12,76.49,77.29,76.37,77.12,16876538,MSFT
2017-10-13,77.59,77.87,77.29,77.49,15335742,MSFT
2017-10-16,77.42,77.81,77.35,77.65,12380093,MSFT
2017-10-17,77.47,77.62,77.25,77.59,16823989,MSFT
2017-10-18,77.67,77.85,77.37,77.61,13300701,MSFT
2017-10-19,77.57,77.93,77.35,77.91,15092758,MSFT
2017-10-20,78.32,78.97,78.22,78.81,22866426,MSFT
2017-10-23,78.99,79.34,78.76,78.83,20627173,MSFT
2017-10-24,78.9,79.2,78.46,78.86,17517182,MSFT
2017-10-25,78.58,79.1,78.01,78.63,20410808,MSFT
2017-10-26,79.2,79.42,78.75,78.76,32120717,MSFT
2017-10-27,84.37,86.2,83.61,83.81,71066729,MSFT
2017-10-30,83.7,84.32,83.1,83.89,31756653,MSFT
2017-10-31,84.36,84.36,83.11,83.18,27086575,MSFT
2017-11-01,83.68,83.76,82.88,83.18,22307371,MSFT
2017-11-02,83.35,84.46,83.12,84.05,23992945,MSFT
2017-11-03,84.08,84.54,83.4,84.14,17633543,MSFT
2017-11-06,84.2,84.7,84.08,84.47,19860852,MSFT
2017-11-07,84.77,84.9,83.93,84.27,17939727,MSFT
2017-11-08,84.14,84.61,83.83,84.56,18034170,MSFT
2017-11-09,84.11,84.27,82.9,84.09,21178356,MSFT
2017-11-10,83.79,84.1,83.23,83.87,19397793,MSFT
2017-11-13,83.66,83.94,83.46,83.93,14196896,MSFT
2017-11-14,83.5,84.1,82.98,84.05,18801280,MSFT
2017-11-15,83.47,83.69,82.69,82.98,19383102,MSFT
2017-11-16,83.1,83.42,82.94,83.2,20962750,MSFT
2017-11-17,83.12,83.12,82.24,82.4,22078993,MSFT
2017-11-20,82.4,82.59,82.25,82.53,16314978,MSFT
2017-11-21,82.74,83.84,82.74,83.72,21237454,MSFT
2017-11-22,83.83,83.9,83.04,83.11,20553089,MSFT
2017-11-24,83.01,83.43,82.78,83.26,7425603,MSFT
2017-11-27,83.31,83.98,83.3,83.87,18265242,MSFT
2017-11-28,84.07,85.06,84.02,84.88,21925959,MSFT
2017-11-29,84.71,84.92,83.18,83.34,27381109,MSFT
2017-11-30,83.51,84.52,83.34,84.17,33054647,MSFT
2017-12-01,83.6,84.81,83.22,84.26,29532132,MSFT
2017-12-04,84.42,84.43,80.7,81.08,39094880,MSFT
2017-12-05,81.34,82.68,80.98,81.59,26152261,MSFT
2017-12-06,81.55,83.14,81.43,82.78,26162054,MSFT
2017-12-07,82.54,82.8,82.0,82.49,23184547,MSFT
2017-12-08,83.63,84.58,83.33,84.16,24489106,MSFT
2017-12-11,84.29,85.37,84.12,85.23,22857854,MSFT
2017-12-12,85.31,86.05,85.08,85.58,23924105,MSFT
2017-12-13,85.74,86.0,85.17,85.35,22062679,MSFT
2017-12-14,85.43,85.87,84.53,84.69,19305961,MSFT
2017-12-15,85.26,87.09,84.88,86.85,53936687,MSFT
2017-12-18,87.12,87.5,86.23,86.38,22283752,MSFT
2017-12-19,86.35,86.35,85.27,85.83,23524787,MSFT
2017-12-20,86.2,86.3,84.71,85.52,23674931,MSFT
2017-12-21,86.05,86.1,85.4,85.5,17990745,MSFT
2017-12-22,85.4,85.63,84.92,85.51,14145841,MSFT
2017-12-26,85.31,85.53,85.03,85.4,9891237,MSFT
2017-12-27,85.65,85.98,85.22,85.71,14678025,MSFT
2017-12-28,85.9,85.93,85.55,85.72,10594344,MSFT
2017-12-29,85.63,86.05,85.5,85.54,18717406,MSFT